20,34.9634,22.1252
40,52.1046,23.8781
60,68.6052,31.0906
80,107.9576,28.6565
100,124.1528,32.9011
120,148.7801,33.7787
140,159.8303,33.4725
160,178.5657,31.0813
180,180.5981,33.1773
200,187.0684,23.4915
220,198.3086,32.6344
240,201.8100,30.4165
260,200.2132,31.4020
280,208.2356,26.9567
300,208.0130,27.4094
320,208.9212,27.4293
340,208.8407,29.8348
360,211.0032,26.6342
380,209.6671,25.9083
400,212.8057,26.0781
420,211.0091,30.8493
440,216.7948,23.2138
460,222.8339,22.3698
480,219.1246,24.5113
500,221.3582,26.3819
520,228.5302,20.0809
540,230.5231,20.4027
560,229.4537,18.2901
580,228.5970,20.7627
600,233.5155,18.3905
620,232.2086,19.4028
640,232.3021,22.6317
660,232.7948,21.5108
680,227.2939,20.4069
700,228.6428,21.0122
720,233.5750,18.6658
