100,133.0309,34.4629
200,188.9717,31.6296
300,214.0474,24.7510
400,224.9068,26.0090
500,229.0181,20.8866
600,238.9254,19.7093
700,241.0043,16.7072
800,244.8131,21.2651
900,239.1673,18.2706
1000,244.5991,16.5145
1100,241.2720,15.7302
1200,247.2169,17.8307
1300,247.2430,20.3574
1400,243.6765,18.3473
1500,247.0173,19.4976
1600,247.4146,19.7916
1700,248.3268,20.7552
1800,245.0452,16.1886
1900,246.7287,18.6069
2000,249.8328,18.4503
2100,248.9610,18.1018
2200,246.3592,18.4623
2300,247.4954,20.5727
2400,248.5971,19.7007
2500,249.2357,17.8378
2600,247.3659,17.9763
2700,248.3915,20.4917
2800,250.0598,18.8170
2900,252.1379,19.2040
3000,249.8481,19.4741
3100,253.6819,17.9542
3200,253.6721,19.8693
3300,246.7249,17.1904
3400,254.0699,18.1178
3500,248.9539,19.6086
3600,248.6153,19.6583
3700,248.4142,17.4172
3800,248.1318,18.6966
3900,252.6466,19.6621
4000,248.4980,19.8940
4100,250.6192,16.2347
4200,250.0184,17.8414
4300,251.3397,17.9444
4400,253.4286,19.8607
4500,252.5700,21.2925
4600,248.8394,19.8621
4700,249.8313,24.1880
4800,250.6140,23.0569
4900,247.4422,18.2174
5000,251.0129,16.5933
5100,248.2193,18.8985
5200,248.4142,17.4148
5300,252.2123,16.6424
5400,250.5472,18.4823
5500,247.9685,20.5285
5600,249.4021,20.0896
5700,245.0191,19.5677
5800,250.5898,18.4061
5900,253.5790,18.9433
6000,254.8335,19.1323
6100,249.4520,18.5044
6200,251.3864,20.0082
6300,250.2537,20.5853
6400,248.5925,18.0259
6500,251.6681,19.4725
