100,24.2520,12.4221
200,28.7698,14.9222
300,22.0158,9.7221
400,34.1396,15.9728
500,40.0340,17.4980
600,34.9351,19.0672
700,29.6287,17.4962
800,34.2067,17.4953
900,44.9696,24.0006
1000,43.9539,23.4619
1100,42.4717,22.1892
1200,39.3627,19.6093
1300,49.4641,25.7601
1400,47.9149,23.9336
1500,44.6485,21.2337
1600,35.4594,14.7029
1700,44.8486,19.4873
1800,46.4101,21.0101
1900,50.3481,28.1555
2000,39.5386,27.7805
2100,29.1990,18.0799
2200,38.9152,23.2237
2300,40.0049,24.1856
2400,25.5282,8.0021
2500,37.5475,23.8928
2600,39.3082,24.1651
2700,29.2688,13.3502
2800,22.7954,8.8018
2900,21.1624,9.9612
3000,21.4240,11.5101
3100,22.0110,10.9481
3200,24.2390,10.2388
3300,28.0837,15.5013
3400,26.7332,12.1164
3500,25.2889,11.0015
3600,25.8543,12.2724
3700,25.4159,11.1157
3800,26.8544,10.8017
3900,32.9876,15.1124
4000,36.0759,20.1833
4100,50.5720,31.1866
4200,43.5665,25.9748
4300,44.6628,24.7004
4400,41.1635,25.4086
4500,43.1310,30.0696
4600,34.9031,16.8354
4700,45.9094,20.0186
4800,44.7935,19.2942
4900,40.7906,17.6324
5000,42.7965,22.3921
5100,46.0469,28.1571
5200,33.7901,15.7540
5300,37.5495,18.3735
5400,43.2057,24.3526
5500,43.5632,20.3584
5600,33.1223,12.7276
5700,38.1871,17.4233
5800,42.3423,22.2960
5900,41.8427,23.0647
6000,44.8497,22.8882
6100,45.4272,19.5196
6200,44.3095,24.8163
6300,35.4234,12.2160
6400,35.5802,14.4511
6500,30.5473,13.8256
6600,26.5317,12.0833
6700,32.2567,12.8710
6800,31.6144,15.7659
6900,56.7279,33.3216
7000,55.4104,28.9377
7100,51.0118,26.1142
7200,33.7727,12.5661
7300,44.7228,21.2992
7400,49.4811,21.5333
7500,59.2578,34.8397
7600,50.8803,26.0673
7700,41.3593,19.2034
7800,51.9892,21.8897
7900,51.2549,29.3340
8000,52.7920,29.4532
8100,54.2999,30.7477
8200,52.2104,25.4610
8300,48.7169,20.9504
8400,46.1462,21.4630
8500,49.9363,26.4377
8600,34.5971,14.7418
8700,48.1626,23.3257
8800,43.7228,24.1231
8900,42.0003,19.6016
9000,58.4789,29.7835
9100,58.0707,26.2827
9200,59.6326,24.6513
9300,61.2054,26.3857
9400,64.2302,30.5900
9500,57.3123,25.9556
9600,56.1574,21.9539
9700,61.6731,30.9350
9800,63.5397,30.0899
9900,59.5015,29.4767
10000,56.8552,28.0320
10100,59.3747,28.1565
10200,54.5941,22.6485
10300,52.7718,23.6120
10400,51.3300,27.7072
10500,57.7758,30.1069
10600,37.6160,15.2703
10700,54.8764,30.0331
10800,58.5482,26.6955
10900,51.2928,23.2465
11000,58.0255,29.0132
11100,60.8167,28.4301
11200,55.6546,28.8299
11300,60.7105,30.5129
11400,70.9268,33.1794
11500,67.9296,33.4526
11600,70.5827,35.3194
11700,66.7906,30.0220
11800,66.5915,30.0325
11900,64.0212,30.3865
12000,70.1266,34.8842
12100,83.8694,35.3212
12200,78.2674,31.8234
12300,72.9828,35.4254
12400,67.2100,32.6546
12500,73.7658,33.8785
12600,77.0955,33.9179
12700,83.0943,34.2434
12800,80.0514,32.6523
12900,83.2861,33.1389
13000,82.1730,35.3529
13100,97.3283,36.2149
13200,84.2008,34.6381
13300,97.5076,34.3390
13400,96.4758,33.5514
13500,90.2264,31.7430
13600,102.3186,33.3392
13700,105.9770,33.2399
13800,120.2202,36.1729
13900,104.8054,40.5769
14000,120.3059,38.4967
14100,118.0440,34.2983
14200,103.5990,32.8456
14300,129.4509,33.4683
14400,122.9294,38.0915
14500,134.1210,36.7234
14600,126.4399,39.5855
14700,125.3050,38.9458
14800,132.3554,35.1620
14900,133.1398,32.1828
15000,135.6181,36.8221
15100,137.1232,36.1858
15200,127.8186,36.8678
15300,135.6772,34.4912
15400,139.1525,38.6881
15500,140.3026,33.0031
15600,140.3805,37.4066
15700,144.9044,35.7658
15800,146.1429,38.1814
15900,139.9151,39.1938
16000,149.7326,35.4973
16100,150.0548,40.9049
16200,150.3170,34.4094
16300,140.1733,40.5737
16400,147.7949,37.5356
16500,143.5738,32.8038
16600,151.4684,33.4548
16700,145.4199,36.0820
16800,154.5482,38.1968
16900,147.7432,35.1469
17000,155.0110,37.6736
17100,153.8033,35.3947
17200,158.1555,38.4379
17300,149.9754,33.2836
17400,152.8371,34.9819
17500,151.1665,31.2678
17600,151.7679,30.4738
17700,161.3457,33.4046
17800,158.6440,32.3952
17900,155.8510,36.0575
18000,152.5105,34.8069
18100,160.3689,35.1386
18200,159.8874,36.1662
18300,164.9259,33.9353
18400,169.1681,33.9061
18500,160.8763,36.2906
18600,160.5875,38.0791
18700,161.6865,36.1904
18800,162.3103,35.6620
18900,157.8310,36.8280
19000,160.2535,37.3779
19100,155.4776,35.7644
19200,167.6075,37.6261
19300,161.7256,33.2123
19400,165.7508,31.8257
19500,174.5808,32.5149
19600,168.7405,34.0388
19700,171.2032,32.5970
19800,167.2361,33.7355
19900,164.1537,31.3379
20000,164.1445,31.4083
20100,171.9253,32.9301
20200,173.5056,33.5456
20300,169.2467,34.1678
20400,163.1793,35.9983
20500,166.1586,34.3993
20600,166.4044,37.9707
20700,164.1638,33.3150
20800,176.6486,35.5930
20900,164.5322,36.3197
21000,179.5271,33.3069
21100,173.6210,33.4674
21200,174.5602,32.8772
21300,175.3046,32.0213
21400,170.6346,32.5324
21500,174.0355,37.9488
21600,169.0311,34.9906
21700,176.1128,32.6752
21800,175.2119,33.8969
21900,176.0312,30.3069
22000,180.3616,27.9873
22100,177.0546,33.8369
22200,176.4159,37.0644
22300,177.0092,33.0593
22400,179.0406,36.6349
22500,175.6491,34.3016
22600,182.5202,29.7106
22700,175.5909,28.8635
22800,181.9203,30.0964
22900,175.5164,30.2779
23000,186.2249,31.8917
23100,174.0923,40.8769
23200,185.3044,29.6041
23300,177.1767,30.3098
23400,176.5854,34.6084
23500,178.5683,34.8806
23600,179.9118,33.7850
23700,190.5909,30.1343
23800,180.0448,33.0149
23900,184.6687,31.2542
24000,186.6806,32.1332
24100,182.2870,29.5472
24200,179.5522,36.2429
24300,183.4605,31.5000
24400,185.0997,29.8990
24500,187.8329,27.6708
24600,187.2216,31.4901
24700,184.7811,34.2235
24800,184.9607,31.1155
24900,184.0868,26.8496
25000,187.5350,31.1713
25100,191.2583,31.8417
25200,180.1488,35.2611
25300,184.2637,32.9352
25400,190.0556,30.2128
25500,184.6164,30.8987
25600,190.8845,25.6384
25700,183.0603,30.6401
25800,188.3041,33.0537
25900,185.4782,29.5022
26000,191.4019,31.3884
26100,188.2681,31.6611
26200,182.5589,31.1782
26300,189.5260,26.0456
26400,192.0385,29.2041
26500,190.2767,30.4102
26600,192.4212,30.5018
26700,184.2603,30.3106
26800,191.3986,33.2424
26900,192.2662,29.0670
27000,192.5166,31.2250
27100,195.2672,27.7213
27200,188.2669,34.0245
27300,186.6509,32.4757
27400,187.0337,33.5636
27500,196.1621,30.1101
27600,194.7963,25.3002
27700,190.6411,34.9335
27800,188.4959,33.6927
27900,194.0779,33.3243
28000,195.6968,25.8339
28100,196.1197,25.9795
28200,195.9069,31.1860
28300,190.6978,29.8975
28400,192.0708,28.9821
28500,195.0520,25.4533
28600,195.1510,27.3832
28700,188.5717,29.3932
28800,193.9258,29.8295
28900,190.8064,32.2767
29000,195.0654,26.6341
29100,197.0266,24.5317
29200,195.5487,31.4787
29300,190.1014,36.9388
29400,199.1944,27.7291
29500,197.8413,25.9174
29600,193.4717,30.5508
29700,193.1077,28.6561
29800,199.2087,29.1303
29900,198.5639,28.9819
